New best score: 17.81 for seed -3
Scores so far: [17.81]
Scores so far: [17.81, 14.28]
Scores so far: [17.81, 14.28, 14.74]
Scores so far: [17.81, 14.28, 14.74, 13.81]
Scores so far: [17.81, 14.28, 14.74, 13.81, 15.03]
Scores so far: [17.81, 14.28, 14.74, 13.81, 15.03, 15.79]
Scores so far: [17.81, 14.28, 14.74, 13.81, 15.03, 15.79, 14.68]
Scores so far: [17.81, 14.28, 14.74, 13.81, 15.03, 15.79, 14.68, 14.0]
Scores so far: [17.81, 14.28, 14.74, 13.81, 15.03, 15.79, 14.68, 14.0, 14.22]
Scores so far: [17.81, 14.28, 14.74, 13.81, 15.03, 15.79, 14.68, 14.0, 14.22, 13.31]
Scores so far: [17.81, 14.28, 14.74, 13.81, 15.03, 15.79, 14.68, 14.0, 14.22, 13.31, 15.41]
Scores so far: [17.81, 14.28, 14.74, 13.81, 15.03, 15.79, 14.68, 14.0, 14.22, 13.31, 15.41, 15.01]
Scores so far: [17.81, 14.28, 14.74, 13.81, 15.03, 15.79, 14.68, 14.0, 14.22, 13.31, 15.41, 15.01, 12.47]
Scores so far: [17.81, 14.28, 14.74, 13.81, 15.03, 15.79, 14.68, 14.0, 14.22, 13.31, 15.41, 15.01, 12.47, 14.44]
Scores so far: [17.81, 14.28, 14.74, 13.81, 15.03, 15.79, 14.68, 14.0, 14.22, 13.31, 15.41, 15.01, 12.47, 14.44, 14.98]
Scores so far: [17.81, 14.28, 14.74, 13.81, 15.03, 15.79, 14.68, 14.0, 14.22, 13.31, 15.41, 15.01, 12.47, 14.44, 14.98, 14.61]
Scores so far: [17.81, 14.28, 14.74, 13.81, 15.03, 15.79, 14.68, 14.0, 14.22, 13.31, 15.41, 15.01, 12.47, 14.44, 14.98, 14.61, 13.67]
Scores so far: [17.81, 14.28, 14.74, 13.81, 15.03, 15.79, 14.68, 14.0, 14.22, 13.31, 15.41, 15.01, 12.47, 14.44, 14.98, 14.61, 13.67, 14.45]
Scores so far: [17.81, 14.28, 14.74, 13.81, 15.03, 15.79, 14.68, 14.0, 14.22, 13.31, 15.41, 15.01, 12.47, 14.44, 14.98, 14.61, 13.67, 14.45, 15.71]
Scores so far: [17.81, 14.28, 14.74, 13.81, 15.03, 15.79, 14.68, 14.0, 14.22, 13.31, 15.41, 15.01, 12.47, 14.44, 14.98, 14.61, 13.67, 14.45, 15.71, 13.99]
Scores so far: [17.81, 14.28, 14.74, 13.81, 15.03, 15.79, 14.68, 14.0, 14.22, 13.31, 15.41, 15.01, 12.47, 14.44, 14.98, 14.61, 13.67, 14.45, 15.71, 13.99, 14.7]
Scores so far: [17.81, 14.28, 14.74, 13.81, 15.03, 15.79, 14.68, 14.0, 14.22, 13.31, 15.41, 15.01, 12.47, 14.44, 14.98, 14.61, 13.67, 14.45, 15.71, 13.99, 14.7, 13.63]
Scores so far: [17.81, 14.28, 14.74, 13.81, 15.03, 15.79, 14.68, 14.0, 14.22, 13.31, 15.41, 15.01, 12.47, 14.44, 14.98, 14.61, 13.67, 14.45, 15.71, 13.99, 14.7, 13.63, 13.78]
Scores so far: [17.81, 14.28, 14.74, 13.81, 15.03, 15.79, 14.68, 14.0, 14.22, 13.31, 15.41, 15.01, 12.47, 14.44, 14.98, 14.61, 13.67, 14.45, 15.71, 13.99, 14.7, 13.63, 13.78, 14.54]
Scores so far: [17.81, 14.28, 14.74, 13.81, 15.03, 15.79, 14.68, 14.0, 14.22, 13.31, 15.41, 15.01, 12.47, 14.44, 14.98, 14.61, 13.67, 14.45, 15.71, 13.99, 14.7, 13.63, 13.78, 14.54, 13.98]
Scores so far: [17.81, 14.28, 14.74, 13.81, 15.03, 15.79, 14.68, 14.0, 14.22, 13.31, 15.41, 15.01, 12.47, 14.44, 14.98, 14.61, 13.67, 14.45, 15.71, 13.99, 14.7, 13.63, 13.78, 14.54, 13.98, 14.84]
TypeError: Retrieve.dump_state() got an unexpected keyword argument 'json_mode'
Scores so far: [17.81, 14.28, 14.74, 13.81, 15.03, 15.79, 14.68, 14.0, 14.22, 13.31, 15.41, 15.01, 12.47, 14.44, 14.98, 14.61, 13.67, 14.45, 15.71, 13.99, 14.7, 13.63, 13.78, 14.54, 13.98, 14.84, 15.01]
